whitelist=0
local_log=0
remote_log=1
420138191
1456318729
456318729
1222756511
337409564
339567027
1420138191
359631114
231428096
221331582
338688703
349546488
300713444
484653940
354960386
338691094
404671058
404666331
410560670
404555772
363430692
363431073
262512806
333334114
278436491
240981320
76922144
290606842 
434292608
407566092
394749929
430022758
427215931
394752528
273016029
273015719
481846182
249995721
246189039
432498307
262785788
481840901
257930974
227482734
707428626
481824401
481831352
707687528
263536985
255839564
445509628
439643362
345940319
455079242
456652913
258684329
298471722
345940319
343494010
343493089
325850688
229512684
428824051
398181410
103113664
264505505
283591825
252114315
306344964
341829946
441735023
348206941
448432728
224142349
345464618
357935591
234744463
271391051
258184610
348138729
373652224
368720455
251521691
405755630
445176265
325826496
300714574
325823582
300812750
300717225
454318055
481506438
454566195
250527200
230761411
370502643
260225191
27631133
436235363
378545387
221542094
433123168
434292608
447773129
290606842
440650768
446510905
247480845
354960385
338691094
345940319
290561303
446356865
231958525
407566092
39474992
397879679
392505366
145881237
400324208
248795156
426808859
428292105
233132097
188864486
230966750
435927457
325850688
746006807
450493455
450649645
404666331
404671058
247809215
428425617
224343496
306462101
221331582
247880205
429592100
425965640
308493763
227304828
444676410
448425423
306344964
428273797
356512524
404666331
404671058
432829267
263841369
428163848
237201980
447923700
746006807
325850688
444122061
424934558
410220913
445822176
223457371
272211399
88264502
273247960
267779392
231428096
240981320
239681142
453122104
283591825
221570673
278436491
431533889
259498921
601232055
405353703
410479957
408482323
246643140
408475493
407983458
236923412
395070579
395070587
260938103
224377033
271189922
431533889
396838590
463730193
233035643
435432639
300714574 
300812750
751426358
473163788
273015719
273016029
120583181
339567027
100000206
100000207
301814863
476713148
476719260
477544674
478672955
478679113
110110520
480179537
479250096
480190002
480335613
481437223
478038996
1446510905
3100005929
434504283
481447647
481473981
481502643
481484736
1300714574
1300812750
1300717225
1229891512
3000010690
3000010696
1231561392
5000000047
5000000050
5000000053
5000000056
3000010694
3000010684
1338691094
1345940319
5000000052
5000000057
5000000059
3000010711
3000010712
3000010713
5000000058
5000000060
1273015719
1273016029
1301814863
1300844913
1300713444
1300713542
1300713990
1271391051
1405202243
1251521691
1456790027
1456810326
1456810274
1456810295
1456810306
1450638223
3000010740
1233443623
1481638887
273015719
273016029
301814863
300844913
300713444
300713542
300713990
271391051
405202243
251521691
456790027
456810326
456810274
456810295
456810306
450638223
3000010740
233443623
481638887
1751426358
1264505505
3000010680
1249995721
1432498307
1257930974
1256043999
1283591825
1430069274
1231428096
1246189039
1464121868
1247809215
1224142349
1454791081
1240981320
1251404785
1707687528
1223881198
1468280890
1249512497
1267779392
1278436491
1420138191
257352451
237146562
1237146562
